[logo.jpg]
text=1;129;7;Bluebus;Cambria;1.068852,0.132673,0.649038,6.283185;v1,4278190080,4278190080,128.000000,1.000000,0.000000,1.000000,400,0,49152;;
backuphash=40317
textactive=1
